      2.0000000     -1.7452240     0.81159362    -0.68126508      1816.8678     0.90877545      8.1143443
      2.0010000     -1.7445607     0.79708242    -0.45437083      3106.0446     0.90933654      5.3943901
      2.0020000     -1.7436876     0.82662258     0.23034781      3858.6804     0.90717329      13.009761
      2.0030000     -1.7431323     0.79510589    -0.45398741      3099.7422     0.90884312      4.9280980
      2.0040000     -1.7419345     0.88472365  0.00073716860      4098.7514     0.90385929      22.099304
      2.0050000     -1.7415133     0.83298331    -0.45181161      3091.0263     0.90632972      12.224205
      2.0060000     -1.7410131     0.79540467     0.22685424      3859.3702     0.90828532      3.3414428
      2.0070000     -1.7400843     0.82868667    -0.45221447      3082.5956     0.90614043      10.385555
      2.0080000     -1.7394646     0.80526279    -0.22633543      3848.0261     0.90712077      5.1955809
      2.0090000     -1.7386067     0.82788865     0.22798123      3832.7480     0.90556354      9.6026985
