      2.1000000     -1.6620645     0.96399024      2157.2214     0.94739301     0.86874266
      2.1050000     -1.6572414     0.97747275      2138.2657      1.0055732     0.86592764
      2.1100000     -1.6523518     0.99253300      2119.2148      1.0613410     0.86309161
      2.1150000     -1.6473132      1.0107514      1679.7103      1.1382076     0.86000563
      2.1200000     -1.6422149      1.0291731      2079.3769      1.2076192     0.85692424
      2.1250000     -1.6370442      1.0435935      2059.1771      1.2748878     0.85374587
      2.1300000     -1.6317993      1.0591631      951.81755      1.3460175     0.85047576
      2.1350000     -1.6262903      1.0817500      2151.0381      1.4796639     0.84680533
      2.1400000     -1.6210619      1.0974346      1996.6811      1.5388361     0.84356176
      2.1450000     -1.6153240      1.1251418      2104.5791      1.7236248     0.83951485
      2.1500000     -1.6098272      1.1390813      1951.7286      1.8064114     0.83587897
      2.1550000     -1.6039926      1.1628462      1542.4735      1.9791055     0.83165647
      2.1600000     -1.5981663      1.1842776      2031.3287      2.1458845     0.82755617
      2.1650000     -1.5921528      1.2040073      1879.7905      2.3389225     0.82310497
      2.1700000     -1.5860737      1.2292802      1484.2344      2.5195624     0.81850405
      2.1750000     -1.5797900      1.2625138      855.27313      2.7534614     0.81361028
      2.1800000     -1.5733767      1.2923245      1801.7429      3.1712090     0.80830376
      2.1850000     -1.5667916      1.3187269      1891.1088      3.4425651     0.80278339
      2.1900000     -1.5602736      1.3472644      1395.5832      3.8477386     0.79724174
      2.1950000     -1.5532098      1.3851071      1371.4537      4.5368395     0.79067280
      2.2000000     -1.5464139      1.4164107      1683.3402      5.0004408     0.78442047
      2.2050000     -1.5394165      1.4443288      1762.5988      5.2983170     0.77810350
      2.2100000     -1.5321130      1.4863114      1480.3000      6.4848344     0.77073686
      2.2150000     -1.5244785      1.5300786      1267.3146      7.3631701     0.76244919
      2.2200000     -1.5163919      1.6032233      1639.6245      10.287487     0.75238695
      2.2250000     -1.5085330      1.6411832      1522.2211      12.534537     0.74302573
      2.2300000     -1.4997666      1.7052250      1356.0896      14.033064     0.73169226
      2.2350000     -1.4914798      1.7629088      1452.4848      16.578491     0.72083838
      2.2400000     -1.4824772      1.8299949      1250.9529      20.303772     0.70779164
      2.2450000     -1.4735599      1.9011470      1388.8289      25.329369     0.69352029
      2.2500000     -1.4635665      1.9944871      1301.8095      33.083520     0.67510877
      2.2550000     -1.4537196      2.0547614      1238.0577      35.813776     0.65841494
      2.2600000     -1.4425600      2.1557420      1172.2987      48.965192     0.63241627
      2.2650000     -1.4312498      2.2604737      1087.4386      61.602522     0.60511662
      2.2700000     -1.4198112      2.3329832      993.97237      73.126799     0.57610541
      2.2750000     -1.4082819      2.3565190      919.38985      82.249626     0.54693652
      2.2800000     -1.3961041      2.3627540      825.79418      91.466468     0.51247026
      2.2850000     -1.3854273      2.3305450      744.34432      95.382983     0.48574398
      2.2900000     -1.3730644      2.2994516      657.43335      103.86305     0.44506269
      2.2950000     -1.3621804      2.2072269      584.19782      102.90484     0.41556987
      2.3000000     -1.3507170      2.1170149      497.45358      103.03208     0.37744334
      2.3050000     -1.3409583      2.0399154      446.21287      99.563042     0.35393208
      2.3100000     -1.3310283      1.9232942      387.53060      93.108776     0.32611386
      2.3150000     -1.3213977      1.8402720      338.55336      87.553891     0.30149083
      2.3200000     -1.3121837      1.7410951      291.82373      80.766040     0.27662557
      2.3250000     -1.3039598      1.6650615      257.94520      74.155273     0.25839395
      2.3300000     -1.2958255      1.6016042      231.58455      68.744663     0.24349610
      2.3350000     -1.2878448      1.5289225      203.52259      62.012183     0.22726156
      2.3400000     -1.2802229      1.4795243      179.96117      56.911432     0.21220860
      2.3450000     -1.2732008      1.4333610      162.98766      52.241319     0.20144503
      2.3500000     -1.2659303      1.3888543      144.78797      47.047887     0.18944998
      2.3550000     -1.2591772      1.3461942      132.50327      43.795186     0.18068778
      2.3600000     -1.2525105      1.3170054      120.48230      40.080652     0.17220407
      2.3650000     -1.2460435      1.2905793      111.09749      37.269149     0.16517258
      2.3700000     -1.2396257      1.2575095      101.06729      34.403322     0.15711966
      2.3750000     -1.2332934      1.2397268      94.074556      32.418673     0.15130310
      2.3800000     -1.2274441      1.2130723      86.915384      30.011745     0.14548813
      2.3850000     -1.2214019      1.1856233      81.121992      28.134225     0.14052184
      2.3900000     -1.2155450      1.1681691      75.391142      26.214881     0.13551592
      2.3950000     -1.2098177      1.1426644      70.090996      24.308392     0.13089640
      2.4000000     -1.2040746      1.1259827      65.928796      22.896261     0.12703416
      2.4050000     -1.1983878      1.1084008      60.987493      21.444729     0.12191884
      2.4100000     -1.1928755      1.0886438      56.919994      20.049888     0.11783619
      2.4150000     -1.1876090      1.0713358      54.469532      19.126775     0.11549591
      2.4200000     -1.1822424      1.0589389      51.626931      18.238697     0.11239785
      2.4250000     -1.1769966      1.0436683      48.922316      17.288519     0.10948330
      2.4300000     -1.1718036      1.0288242      45.640807      16.225575     0.10569351
      2.4350000     -1.1667334      1.0143745      44.270289      15.695785     0.10426975
      2.4400000     -1.1616932     0.99858081      41.688968      14.771735     0.10130471
      2.4450000     -1.1567200     0.98889395      39.560587      14.094163    0.098642592
      2.4500000     -1.1517439     0.97198641      37.587801      13.404929    0.096238315
      2.4550000     -1.1469699     0.96006013      36.185055      12.928599    0.094451505
      2.4600000     -1.1422123     0.94858922      34.750302      12.367927    0.092753999
      2.4650000     -1.1374685     0.93711757      32.915392      11.741650    0.090306680
      2.4700000     -1.1327167     0.92475886      31.705657      11.321257    0.088698862
      2.4750000     -1.1281874     0.91329737      30.071196      10.723585    0.086500123
      2.4800000     -1.1236960     0.90093518      29.239685      10.472652    0.085277636
      2.4850000     -1.1191886     0.89110852      27.886868      10.001419    0.083340327
      2.4900000     -1.1147345     0.88042153      26.982668      9.6908793    0.082024169
      2.4950000     -1.1104234     0.87171370      25.914730      9.2889126    0.080507590
      2.5000000     -1.1061338     0.86270096      25.128156      9.0537343    0.079241340
