      2.1000000     -1.6620305     0.96338442      575.90046     0.94577336     0.86869329
      2.1050000     -1.6572970     0.97629006      535.47923     0.99779613     0.86603981
      2.1100000     -1.6523591     0.99027974      424.85695      1.0413859     0.86314994
      2.1150000     -1.6474192      1.0101299      420.75065      1.1389074     0.86007423
      2.1200000     -1.6420760      1.0297853      520.65068      1.2237281     0.85676845
      2.1250000     -1.6369531      1.0434588      549.96327      1.3111754     0.85362671
      2.1300000     -1.6316953      1.0603209      408.72229      1.3723916     0.85031684
      2.1350000     -1.6263767      1.0821083      409.64991      1.4850808     0.84685861
      2.1400000     -1.6208340      1.1007878      499.90699      1.5710775     0.84318157
      2.1450000     -1.6152580      1.1193990      395.92690      1.6684574     0.83960442
      2.1500000     -1.6096931      1.1404996      519.94095      1.9159081     0.83559619
      2.1550000     -1.6039193      1.1616202      515.40505      2.0415008     0.83152945
      2.1600000     -1.5984439      1.1781744      509.00791      2.0551732     0.82798805
      2.1650000     -1.5922141      1.2065981      350.33264      2.3735864     0.82307932
      2.1700000     -1.5861154      1.2300097      488.82124      2.4621999     0.81872364
      2.1750000     -1.5796172      1.2642003      476.11579      2.8685720     0.81310055
      2.1800000     -1.5733634      1.2908606      481.93492      3.1540307     0.80809252
      2.1850000     -1.5669709      1.3194050      474.51352      3.4920143     0.80288631
      2.1900000     -1.5604081      1.3523792      459.52556      3.9720370     0.79707684
      2.1950000     -1.5532621      1.3791078      454.57570      4.2593457     0.79084267
      2.2000000     -1.5466184      1.4109816      441.47846      4.8348576     0.78477892
      2.2050000     -1.5393070      1.4463849      350.37360      5.3563848     0.77779816
      2.2100000     -1.5314732      1.4918795      415.73556      6.0762196     0.76947649
      2.2150000     -1.5244656      1.5281970      413.38938      6.6830434     0.76257640
      2.2200000     -1.5167919      1.5581985      416.87131      7.2750573     0.75471694
      2.2250000     -1.5088739      1.6021034      405.37081      8.4036325     0.74560292
      2.2300000     -1.5007354      1.6406039      398.00531      9.2581606     0.73621780
      2.2350000     -1.4928264      1.6840195      380.78033      10.462437     0.72657462
      2.2400000     -1.4839986      1.7207209      373.22148      11.215771     0.71616253
      2.2450000     -1.4757019      1.7698806      366.94306      12.678420     0.70514353
      2.2500000     -1.4657282      1.8281376      351.67737      14.768555     0.68997340
      2.2550000     -1.4571416      1.8610480      341.03878      15.941665     0.67847943
      2.2600000     -1.4477340      1.8958777      330.09001      17.425533     0.66460106
      2.2650000     -1.4373752      1.9475677      315.05735      19.565913     0.64761115
      2.2700000     -1.4278338      1.9640727      302.98834      20.932574     0.63274846
      2.2750000     -1.4181634      1.9811090      290.17498      22.407220     0.61725940
      2.2800000     -1.4082777      2.0030891      277.33849      23.894565     0.60101595
      2.2850000     -1.3976285      2.0187494      262.50378      25.704166     0.58154607
      2.2900000     -1.3875974      2.0103545      248.96371      26.897180     0.56401404
      2.2950000     -1.3785033      2.0095517      237.84596      27.771956     0.54910155
      2.3000000     -1.3683841      1.9992179      224.63510      28.877041     0.53050358
      2.3050000     -1.3585044      1.9733284      211.78930      29.578669     0.51246853
      2.3100000     -1.3488131      1.9455636      199.28790      30.190235     0.49445127
      2.3150000     -1.3384426      1.9166627      185.91832      30.750132     0.47382931
      2.3200000     -1.3291404      1.8769206      174.86435      30.626723     0.45735708
      2.3250000     -1.3194761      1.8315406      162.69388      30.562409     0.43818593
      2.3300000     -1.3107706      1.7912882      153.30421      30.386773     0.42310143
      2.3350000     -1.3025581      1.7452363      144.55176      29.823274     0.40918549
      2.3400000     -1.2932916      1.6906084      133.89178      29.208370     0.39142365
      2.3450000     -1.2849117      1.6549245      125.18054      28.826203     0.37579787
      2.3500000     -1.2768309      1.5907541      116.86903      27.773509     0.36174468
      2.3550000     -1.2688036      1.5497402      109.16503      26.921021     0.34792773
      2.3600000     -1.2615525      1.5076491      102.87877      26.058559     0.33667737
      2.3650000     -1.2540265      1.4590179      96.333359      25.084767     0.32454989
      2.3700000     -1.2463647      1.4168168      89.079558      24.250579     0.30990700
      2.3750000     -1.2396479      1.3819833      84.064372      23.435099     0.30001671
      2.3800000     -1.2332999      1.3450252      79.807816      22.383442     0.29228521
      2.3850000     -1.2262850      1.3064023      74.478627      21.510727     0.28099153
      2.3900000     -1.2196525      1.2674441      69.708339      20.529989     0.27104365
      2.3950000     -1.2134153      1.2398368      65.813787      19.652056     0.26286899
      2.4000000     -1.2074239      1.2100191      62.110711      18.811826     0.25485035
      2.4050000     -1.2014048      1.1814316      58.619256      18.072108     0.24688469
      2.4100000     -1.1956922      1.1577102      55.671104      17.308550     0.24039669
      2.4150000     -1.1899664      1.1363637      53.096238      16.606554     0.23469725
      2.4200000     -1.1843131      1.1108835      49.980219      15.876456     0.22711675
      2.4250000     -1.1788549      1.0871554      47.442197      15.236683     0.22093369
      2.4300000     -1.1732808      1.0655798      44.991030      14.523655     0.21511363
      2.4350000     -1.1683202      1.0518728      43.183173      13.993515     0.21077310
      2.4400000     -1.1626250      1.0273103      40.532430      13.269092     0.20390998
      2.4450000     -1.1577949      1.0147935      39.034787      12.874211     0.19994894
      2.4500000     -1.1529751     0.99969532      37.598826      12.435431     0.19629746
      2.4550000     -1.1477812     0.98414385      35.778035      11.939555     0.19125599
      2.4600000     -1.1429853     0.96722793      34.275809      11.471710     0.18725059
      2.4650000     -1.1382190     0.95409084      32.907169      11.017390     0.18365954
      2.4700000     -1.1334519     0.93954775      31.505831      10.625732     0.17954267
      2.4750000     -1.1285651     0.92460476      29.918543      10.164444     0.17480854
      2.4800000     -1.1242349     0.91386992      29.168927      9.8926683     0.17285430
      2.4850000     -1.1196015     0.90410235      27.955767      9.5622600     0.16901929
      2.4900000     -1.1151774     0.89135774      26.948316      9.2007390     0.16619175
      2.4950000     -1.1106878     0.88012191      25.982032      8.9201199     0.16311327
      2.5000000     -1.1062242     0.86797820      24.952897      8.5510180     0.16009044
