      2.1000000     -1.6620629     0.96341781      1294.5985     0.96470090     0.86868850
      2.1050000     -1.6572180     0.97922763      962.81602      1.0464001     0.86587065
      2.1100000     -1.6523035     0.99557743      1192.4373      1.0642947     0.86304248
      2.1150000     -1.6472272      1.0091909      1181.2290      1.1343573     0.85995480
      2.1200000     -1.6423345      1.0250636      1248.4678      1.2092862     0.85702783
      2.1250000     -1.6369562      1.0452958      1158.5382      1.2907797     0.85360643
      2.1300000     -1.6317850      1.0622169      917.92129      1.3686299     0.85037550
      2.1350000     -1.6265459      1.0791934      908.73750      1.4725366     0.84704682
      2.1400000     -1.6210650      1.0962915      1123.7738      1.5445377     0.84354936
      2.1450000     -1.6151863      1.1240536      888.30390      1.7521842     0.83925846
      2.1500000     -1.6098751      1.1384344      879.24240      1.8219222     0.83590040
      2.1550000     -1.6040240      1.1586355      1085.6852      1.9176336     0.83184208
      2.1600000     -1.5980590      1.1857793      857.57517      2.1436620     0.82737538
      2.1650000     -1.5922756      1.2071081      1058.7194      2.3035902     0.82321892
      2.1700000     -1.5861045      1.2357610      1044.2754      2.6956090     0.81839640
      2.1750000     -1.5798926      1.2563452      824.69258      2.8390069     0.81362801
      2.1800000     -1.5733762      1.2894725      1081.9490      3.1256014     0.80826202
      2.1850000     -1.5671182      1.3102067      801.08842      3.3318895     0.80329885
      2.1900000     -1.5602727      1.3446120      1048.7774      3.7572105     0.79732093
      2.1950000     -1.5535622      1.3755659      774.55170      4.1999725     0.79150792
      2.2000000     -1.5462604      1.4200376      708.77335      5.1791306     0.78397929
      2.2050000     -1.5396765      1.4435623      932.92919      5.4501744     0.77851604
      2.2100000     -1.5318423      1.4921865      967.10463      6.3759090     0.77030658
      2.2150000     -1.5244579      1.5291755      725.62062      7.0965742     0.76256193
      2.2200000     -1.5168730      1.5747650      858.69777      8.7564556     0.75401807
      2.2250000     -1.5083909      1.6405721      896.10614      11.122309     0.74289025
      2.2300000     -1.5000757      1.6985428      840.24671      13.058617     0.73230993
      2.2350000     -1.4915707      1.7467755      807.67143      14.238994     0.72183663
      2.2400000     -1.4828062      1.8012965      762.97160      16.748271     0.70949099
      2.2450000     -1.4738068      1.8800953      761.90367      20.584184     0.69554890
      2.2500000     -1.4640907      1.9295455      735.24196      23.474550     0.68027156
      2.2550000     -1.4541676      2.0158993      723.50519      28.696761     0.66212399
      2.2600000     -1.4437419      2.0762008      689.96436      33.209234     0.64259821
      2.2650000     -1.4339647      2.1078693      650.50535      36.070533     0.62585211
      2.2700000     -1.4227476      2.1734661      607.88099      43.406834     0.60033023
      2.2750000     -1.4114770      2.2006500      572.38333      47.760532     0.57640918
      2.2800000     -1.4000356      2.2302163      524.83357      53.289289     0.54896695
      2.2850000     -1.3896643      2.2209773      490.35311      56.666403     0.52568405
      2.2900000     -1.3777268      2.2060859      447.24185      60.421999     0.49612093
      2.2950000     -1.3682634      2.1697709      417.08663      61.045004     0.47725227
      2.3000000     -1.3567292      2.1186703      374.85854      62.594705     0.44673157
      2.3050000     -1.3464967      2.0536925      340.70030      62.955191     0.42174642
      2.3100000     -1.3362770      1.9789153      307.95068      61.318509     0.39795033
      2.3150000     -1.3263847      1.9158485      278.28279      60.593316     0.37415970
      2.3200000     -1.3172768      1.8363874      251.68878      57.941420     0.35343992
      2.3250000     -1.3081746      1.7645776      227.07739      55.629284     0.33283872
      2.3300000     -1.2996938      1.7006335      205.96675      53.298523     0.31434147
      2.3350000     -1.2911559      1.6271000      185.08661      50.038363     0.29600179
      2.3400000     -1.2836271      1.5757312      170.74810      47.367335     0.28320578
      2.3450000     -1.2753170      1.5102690      151.48998      43.849907     0.26479599
      2.3500000     -1.2683115      1.4623853      140.82210      41.621482     0.25447243
      2.3550000     -1.2610796      1.4156840      129.16626      38.952940     0.24294237
      2.3600000     -1.2542931      1.3795441      118.82293      36.539471     0.23225487
      2.3650000     -1.2472870      1.3290978      107.55615      33.904336     0.21999390
      2.3700000     -1.2408080      1.2956653      100.10699      31.846974     0.21198924
      2.3750000     -1.2342270      1.2643577      92.318920      29.742754     0.20319831
      2.3800000     -1.2280787      1.2386332      86.252146      28.212346     0.19588543
      2.3850000     -1.2220199      1.2109651      79.688216      26.339503     0.18799903
      2.3900000     -1.2159007      1.1868591      74.459640      24.843065     0.18149352
      2.3950000     -1.2100277      1.1587966      69.050381      23.107205     0.17483443
      2.4000000     -1.2043603      1.1407947      65.017289      21.844486     0.16966948
      2.4050000     -1.1988117      1.1176080      61.231262      20.651127     0.16465491
      2.4100000     -1.1931960      1.1019311      58.407799      19.911252     0.16053550
      2.4150000     -1.1876012      1.0817783      54.260092      18.567735     0.15475403
      2.4200000     -1.1824236      1.0637215      51.438412      17.634268     0.15074448
      2.4250000     -1.1771892      1.0494836      49.617619      17.123661     0.14794762
      2.4300000     -1.1718877      1.0291754      45.818997      15.908042     0.14211321
      2.4350000     -1.1667783      1.0195422      43.537421      15.193212     0.13846378
      2.4400000     -1.1617741      1.0015329      41.790693      14.537369     0.13591672
      2.4450000     -1.1567722     0.98746798      39.541263      13.761190     0.13232634
      2.4500000     -1.1519600     0.97517119      37.989652      13.278751     0.12969078
      2.4550000     -1.1469292     0.96255066      35.935871      12.585009     0.12619084
      2.4600000     -1.1423495     0.95333229      34.607885      12.191130     0.12378067
      2.4650000     -1.1375835     0.93786651      32.932117      11.629645     0.12077441
      2.4700000     -1.1327842     0.92364779      31.383193      11.097124     0.11798031
      2.4750000     -1.1281856     0.91479694      30.327345      10.695521     0.11617770
      2.4800000     -1.1237797     0.90272737      29.076698      10.307084     0.11372036
      2.4850000     -1.1192431     0.89169391      28.072554      9.9446937     0.11186753
      2.4900000     -1.1149179     0.88345273      26.858160      9.5179944     0.10952311
      2.4950000     -1.1104938     0.87377743      26.110944      9.2797790     0.10800829
      2.5000000     -1.1059633     0.86353412      25.104427      8.9299698     0.10598247
