      2.1000000     -1.6620653     0.96250727      3370.0262     0.95737128     0.86872703
      2.1050000     -1.6572695     0.97732101      3341.0267      1.0026351     0.86600094
      2.1100000     -1.6522819     0.99498422      3310.2383      1.0716992     0.86301229
      2.1150000     -1.6472969      1.0082207      1531.2564      1.1178963     0.86007381
      2.1200000     -1.6421543      1.0277044      2598.6209      1.2108611     0.85687805
      2.1250000     -1.6370437      1.0420072      3431.3646      1.2749232     0.85375293
      2.1300000     -1.6317524      1.0606012      2547.4365      1.3899544     0.85036495
      2.1350000     -1.6263712      1.0784806      3360.7576      1.4664250     0.84688174
      2.1400000     -1.6209490      1.0994198      3325.2941      1.5571762     0.84337400
      2.1450000     -1.6154365      1.1207621      3082.9886      1.7022653     0.83965364
      2.1500000     -1.6097820      1.1428205      3048.0078      1.8201849     0.83585636
      2.1550000     -1.6039881      1.1622878      3010.7223      2.0063494     0.83167093
      2.1600000     -1.5981291      1.1829946      2379.5696      2.1140277     0.82749377
      2.1650000     -1.5920566      1.2137684      2934.5867      2.3877508     0.82286241
      2.1700000     -1.5860575      1.2322290      2896.3206      2.5339417     0.81846043
      2.1750000     -1.5797821      1.2529632      1333.6087      2.7404553     0.81355152
      2.1800000     -1.5734845      1.2827776      3.0122053      3.0122053     0.80860382
      2.1850000     -1.5669116      1.3175132      2769.4603      3.4455538     0.80295927
      2.1900000     -1.5602484      1.3478295      2905.7553      3.8782039     0.79718950
      2.1950000     -1.5535498      1.3739251      2857.7000      4.2177116     0.79141617
      2.2000000     -1.5464632      1.4141361      2628.5425      4.8436156     0.78480849
      2.2050000     -1.5391914      1.4512476      2747.9418      5.4854366     0.77763207
      2.2100000     -1.5319647      1.5005180      2690.8636      6.6826234     0.77019771
      2.2150000     -1.5243241      1.5405590      2464.5909      7.7679038     0.76188809
      2.2200000     -1.5167286      1.5742570      1929.8623      8.2221648     0.75422258
      2.2250000     -1.5085172      1.6436349      1877.1456      11.121453     0.74364659
      2.2300000     -1.5001292      1.7109073      2270.3913      14.431165     0.73253459
      2.2350000     -1.4914944      1.7776328      2336.2114      19.306442     0.71991032
      2.2400000     -1.4828207      1.8187649      2071.5928      19.113165     0.70925403
      2.2450000     -1.4724134      1.9650674      1715.6052      33.137242     0.68798211
      2.2500000     -1.4626684      2.0659716      1958.4053      43.303784     0.66979954
      2.2550000     -1.4528818      2.1250748      1816.1544      50.279347     0.65190506
      2.2600000     -1.4417104      2.2444590      1792.3710      67.748663     0.62442843
      2.2650000     -1.4296355      2.3669795      1604.9517      93.432962     0.58985570
      2.2700000     -1.4181907      2.4420177      1481.9096      112.19366     0.55825861
      2.2750000     -1.4063204      2.4633194      1302.2238      121.14890     0.52593384
      2.2800000     -1.3934645      2.4745798      1149.9378      144.41721     0.47905596
      2.2850000     -1.3811787      2.4131733      988.36321      152.83072     0.43696494
      2.2900000     -1.3707487      2.3397706      880.43610      152.60550     0.40866363
      2.2950000     -1.3587349      2.2149273      730.02930      148.00807     0.36621057
      2.3000000     -1.3481033      2.0815374      614.91466      140.30334     0.33217375
      2.3050000     -1.3371723      1.9465144      501.27209      130.88657     0.29223104
      2.3100000     -1.3277596      1.8403386      430.63099      117.44201     0.26915558
      2.3150000     -1.3192734      1.7611239      372.07696      108.88569     0.24686625
      2.3200000     -1.3105167      1.6797131      314.62598      96.391540     0.22548923
      2.3250000     -1.3023745      1.6088387      280.40031      86.316861     0.21245407
      2.3300000     -1.2946354      1.5505444      242.16196      78.001362     0.19576394
      2.3350000     -1.2869511      1.4931760      212.77547      69.985440     0.18260372
      2.3400000     -1.2797434      1.4453135      189.08679      62.888123     0.17218031
      2.3450000     -1.2725672      1.4092869      166.10867      56.627089     0.16023009
      2.3500000     -1.2653138      1.3652500      146.25902      49.992279     0.15048477
      2.3550000     -1.2589371      1.3340643      135.78497      46.269235     0.14520357
      2.3600000     -1.2522305      1.3061659      123.14575      42.383516     0.13810187
      2.3650000     -1.2457195      1.2776372      112.52030      39.021523     0.13185373
      2.3700000     -1.2394533      1.2465488      101.55338      35.447828     0.12517337
      2.3750000     -1.2332065      1.2267800      92.735368      32.446965     0.11966226
      2.3800000     -1.2272937      1.2085189      86.157235      30.449214     0.11517448
      2.3850000     -1.2212749      1.1810750      81.478815      28.701167     0.11220060
      2.3900000     -1.2154084      1.1645787      76.643856      26.904954     0.10903536
      2.3950000     -1.2097177      1.1383003      69.503419      24.474030     0.10386947
      2.4000000     -1.2039878      1.1208386      63.990360      22.681267    0.099569991
      2.4050000     -1.1984189      1.1058045      61.303109      21.783244    0.097491327
      2.4100000     -1.1929436      1.0862441      57.771412      20.567285    0.094694449
      2.4150000     -1.1874460      1.0715525      54.355948      19.269445    0.092057131
      2.4200000     -1.1821627      1.0591784      51.694498      18.463187    0.089677173
      2.4250000     -1.1769465      1.0402363      48.647252      17.304358    0.087182223
      2.4300000     -1.1718654      1.0294817      46.672254      16.652184    0.085415630
      2.4350000     -1.1666148      1.0123161      42.997928      15.409239    0.081966563
      2.4400000     -1.1617285     0.99805301      41.912022      14.979015    0.081067952
      2.4450000     -1.1567031     0.98473725      39.435063      14.168023    0.078607778
      2.4500000     -1.1518510     0.97253481      37.664291      13.531596    0.076893489
      2.4550000     -1.1469958     0.95810143      35.967933      12.889943    0.075278022
      2.4600000     -1.1422229     0.94500688      34.505540      12.358108    0.073816011
      2.4650000     -1.1374976     0.93521343      32.986032      11.856069    0.072170210
      2.4700000     -1.1328458     0.92333221      31.664747      11.436316    0.070688257
      2.4750000     -1.1282517     0.91504673      30.398818      10.885112    0.069496878
      2.4800000     -1.1236918     0.90066685      28.974604      10.421733    0.067831526
      2.4850000     -1.1192346     0.89195712      28.124134      10.119147    0.066889769
      2.4900000     -1.1147801     0.88302623      27.021404      9.7538206    0.065572017
      2.4950000     -1.1104484     0.87085840      26.102153      9.3993788    0.064555130
      2.5000000     -1.1060060     0.85927359      25.384282      9.1961293    0.063617224
