      1.0000000     -1.9959850    0.032058719    0.012818850   0.0039883706     0.99866495
      1.0000000     -1.9959850    0.032058719    0.012818850   0.0039883706     0.99866495
      1.0000000     -1.9959850    0.032058719    0.012818850   0.0039883706     0.99866495
      1.0000000     -1.9959850    0.032058719    0.012818850   0.0039883706     0.99866495
      1.0000000     -1.9959850    0.032058719    0.012818850   0.0039883706     0.99866495
      1.0000000     -1.9959850    0.032058719    0.012818850   0.0039883706     0.99866495
      1.0000000     -1.9959850    0.032058719    0.012818850   0.0039883706     0.99866495
      1.0000000     -1.9959850    0.032058719    0.012818850   0.0039883706     0.99866495
      1.0000000     -1.9959850    0.032058719    0.012818850   0.0039883706     0.99866495
      1.0000000     -1.9959850    0.032058719    0.012818850   0.0039883706     0.99866495
      1.0000000     -1.9959850    0.032058719    0.012818850   0.0039883706     0.99866495
      1.0000000     -1.9959850    0.032058719    0.012818850   0.0039883706     0.99866495
      1.0000000     -1.9959850    0.032058719    0.012818850   0.0039883706     0.99866495
      1.0000000     -1.9959850    0.032058719    0.012818850   0.0039883706     0.99866495
      1.0000000     -1.9959850    0.032058719    0.012818850   0.0039883706     0.99866495
      1.0000000     -1.9959850    0.032058719    0.012818850   0.0039883706     0.99866495
      1.0000000     -1.9959850    0.032058719    0.012818850   0.0039883706     0.99866495
      1.0000000     -1.9959850    0.032058719    0.012818850   0.0039883706     0.99866495
      1.0000000     -1.9959850    0.032058719    0.012818850   0.0039883706     0.99866495
      1.0000000     -1.9959850    0.032058719    0.012818850   0.0039883706     0.99866495
      1.0000000     -1.9959850    0.032058719    0.012818850   0.0039883706     0.99866495
      1.0000000     -1.9959850    0.032058719    0.012818850   0.0039883706     0.99866495
      1.0000000     -1.9959850    0.032058719    0.012818850   0.0039883706     0.99866495
      1.0000000     -1.9959850    0.032058719    0.012818850   0.0039883706     0.99866495
      1.0000000     -1.9959850    0.032058719    0.012818850   0.0039883706     0.99866495
      1.0000000     -1.9959850    0.032058719    0.012818850   0.0039883706     0.99866495
      1.0000000     -1.9959850    0.032058719    0.012818850   0.0039883706     0.99866495
      1.0000000     -1.9959850    0.032058719    0.012818850   0.0039883706     0.99866495
      1.0000000     -1.9959850    0.032058719    0.012818850   0.0039883706     0.99866495
      1.0000000     -1.9959850    0.032058719    0.012818850   0.0039883706     0.99866495
      1.0000000     -1.9959850    0.032058719    0.012818850   0.0039883706     0.99866495
      1.0000000     -1.9959850    0.032058719    0.012818850   0.0039883706     0.99866495
      1.0000000     -1.9959850    0.032058719    0.012818850   0.0039883706     0.99866495
      1.0000000     -1.9959850    0.032058719    0.012818850   0.0039883706     0.99866495
      1.0000000     -1.9959850    0.032058719    0.012818850   0.0039883706     0.99866495
      1.0000000     -1.9959850    0.032058719    0.012818850   0.0039883706     0.99866495
      1.0000000     -1.9959850    0.032058719    0.012818850   0.0039883706     0.99866495
      1.0000000     -1.9959850    0.032058719    0.012818850   0.0039883706     0.99866495
      1.0000000     -1.9959850    0.032058719    0.012818850   0.0039883706     0.99866495
      1.0000000     -1.9959850    0.032058719    0.012818850   0.0039883706     0.99866495
      1.0000000     -1.9959850    0.032058719    0.012818850   0.0039883706     0.99866495
      1.0000000     -1.9959850    0.032058719    0.012818850   0.0039883706     0.99866495
      1.0000000     -1.9959850    0.032058719    0.012818850   0.0039883706     0.99866495
      1.0000000     -1.9959850    0.032058719    0.012818850   0.0039883706     0.99866495
      1.0000000     -1.9959850    0.032058719    0.012818850   0.0039883706     0.99866495
      1.0000000     -1.9959850    0.032058719    0.012818850   0.0039883706     0.99866495
      1.0000000     -1.9959850    0.032058719    0.012818850   0.0039883706     0.99866495
      1.0000000     -1.9959850    0.032058719    0.012818850   0.0039883706     0.99866495
      1.0000000     -1.9959850    0.032058719    0.012818850   0.0039883706     0.99866495
      1.0000000     -1.9959850    0.032058719    0.012818850   0.0039883706     0.99866495
      1.0000000     -1.9959850    0.032058719    0.012818850   0.0039883706     0.99866495
      1.0000000     -1.9959850 2.3227855E+251 3.6226416E+251   0.0039883706     0.99866495
      1.0000000     -1.9959850    0.032058719    0.012818850   0.0039883706     0.99866495
      1.0000000     -1.9959850    0.032058719    0.012818850   0.0039883706     0.99866495
      1.0000000     -1.9959850    0.032058719    0.012818850   0.0039883706     0.99866495
      1.0000000     -1.9959850    0.032058719    0.012818850   0.0039883706     0.99866495
      1.0000000     -1.9959850    0.032058719    0.012818850   0.0039883706     0.99866495
      1.0000000     -1.9959850    0.032058719    0.012818850   0.0039883706     0.99866495
      1.0000000     -1.9959850    0.032058719    0.012818850   0.0039883706     0.99866495
      1.0000000     -1.9959850    0.032058719    0.012818850   0.0039883706     0.99866495
      1.0000000     -1.9959850    0.032058719    0.012818850   0.0039883706     0.99866495
      1.0000000     -1.9959850    0.032058719    0.012818850   0.0039883706     0.99866495
      1.0000000     -1.9959850    0.032058719    0.012818850   0.0039883706     0.99866495
      1.0000000     -1.9959850    0.032058719    0.012818850   0.0039883706     0.99866495
      1.0000000     -1.9959850    0.032058719    0.012818850   0.0039883706     0.99866495
      1.0000000     -1.9959850    0.032058719    0.012818850   0.0039883706     0.99866495
      1.0000000     -1.9959850    0.032058719    0.012818850   0.0039883706     0.99866495
      1.0000000     -1.9959850    0.032058719    0.012818850   0.0039883706     0.99866495
      1.0000000     -1.9959850    0.032058719    0.012818850   0.0039883706     0.99866495
      1.0000000     -1.9959850    0.032058719    0.012818850   0.0039883706     0.99866495
      1.0000000     -1.9959850    0.032058719    0.012818850   0.0039883706     0.99866495
      1.0000000     -1.9959850    0.032058719    0.012818850   0.0039883706     0.99866495
      1.0000000     -1.9959850    0.032058719    0.012818850   0.0039883706     0.99866495
      1.0000000     -1.9959850    0.032058719    0.012818850   0.0039883706     0.99866495
      1.0000000     -1.9959850    0.032058719    0.012818850   0.0039883706     0.99866495
      1.0000000     -1.9959850    0.032058719    0.012818850   0.0039883706     0.99866495
      1.0000000     -1.9959850    0.032058719    0.012818850   0.0039883706     0.99866495
      1.0000000     -1.9959850    0.032058719    0.012818850   0.0039883706     0.99866495
      1.0000000     -1.9959850    0.032058719    0.012818850   0.0039883706     0.99866495
      1.0000000     -1.9959850    0.032058719    0.012818850   0.0039883706     0.99866495
      1.0000000     -1.9959850    0.032058719    0.012818850   0.0039883706     0.99866495
      1.0000000     -1.9959850    0.032058719    0.012818850   0.0039883706     0.99866495
      1.0000000     -1.9959850    0.032058719    0.012818850   0.0039883706     0.99866495
      1.0000000     -1.9959850    0.032058719    0.012818850   0.0039883706     0.99866495
      1.0000000     -1.9959850    0.032058719    0.012818850   0.0039883706     0.99866495
      1.0000000     -1.9959850    0.032058719    0.012818850   0.0039883706     0.99866495
      1.0000000     -1.9959850    0.032058719    0.012818850   0.0039883706     0.99866495
